# Created by Octave 3.8.0, Wed Aug 03 21:26:40 2016 PDT <haiwang@mbp-002219.local>
# name: X
# type: matrix
# rows: 1000
# columns: 12
 0.002976216499728401 0.2722293441619966 0.005190981128355391 0.003506020159709821 0.3118157912696438 0.01856659490899101 0.03801344111606871 0.005366343479462654 0.02117052389361283 0.2897243935827067 0.003034025491905286 0.02840632430781886
 0.001509628545132704 0.1981142991355726 0.006474369836545576 0.002538063904130064 0.166074126203473 0.005058036025131673 0.0260772130493416 0.002997131142237112 0.006480328288430412 0.5635251601726139 0.002984066552038824 0.01816757714535272
 0.001412317550212062 0.3011292019332303 0.01233558236864069 0.006843766245043011 0.08108628984926952 0.00925779378571929 0.03024458323883191 0.006302179981658418 0.004309095152033967 0.5349009946721882 0.003133611973409061 0.009044583249763519
 0.003562258979562998 0.2980758503124217 0.01874750316128151 0.006788961470465163 0.2427852190651897 0.01507622576286841 0.01015257631930166 0.005872882844930145 0.01884779034697917 0.3542060704557608 0.00513338730163351 0.02075127397960519
 0.001110021587729082 0.1672063583812929 0.008355048691342392 0.003819243270167757 0.1844338082861978 0.008819182756320263 0.03526366197602931 0.003290550889253676 0.01920701674066511 0.4946963109758263 0.002797319753093698 0.07100147669208162
 0.004638365628827697 0.2312497769810034 0.01137886184345616 0.007266334800509769 0.3085233440300391 0.0157474645651089 0.03955232991573875 0.0156202058697555 0.07188436480936451 0.1238231302476071 0.004666124683139472 0.1656496966254496
 0.005222603205975442 0.2402469651737814 0.01961782633860229 0.006373381854046995 0.2128729060735178 0.01798597528765401 0.02188340409749877 0.01025908307331019 0.04596749844512621 0.2884100656544253 0.004140741257780872 0.1270195495382808
 0.003032610972133985 0.2358561519296352 0.05120612259965325 0.009707948384209139 0.1405740749845324 0.007884674389329275 0.002989815655145637 0.002759504083436346 0.009386662746302734 0.5182368886477452 0.006098342987557491 0.01226720262031916
 0.002984737788411819 0.3293790896466887 0.03232554090907577 0.008337838555134989 0.2042939270993049 0.02068939354911084 0.03479126489570062 0.005358795112517395 0.008878333336537963 0.3295196139003591 0.004788211199739133 0.0186532540074188
 0.000915801376707702 0.1617864351266538 0.01407279523446836 0.002873554833407945 0.1578617958340579 0.01273791929318805 0.04706087596688885 0.003593245804070957 0.0145819340568964 0.513782641947955 0.002115573120721143 0.06861742740498368
 0.002867978762159384 0.168830385965429 0.00586443487436525 0.008071012088880957 0.182414571283541 0.01975876605100307 0.01937043115269623 0.008461554903737975 0.01950949802897031 0.4745680217548879 0.004106623308905639 0.08617672182542328
 0.001955967573712847 0.3159026024781551 0.01305180761763606 0.006172256217051059 0.1705545336096298 0.01628410921963366 0.01047773922453657 0.00634878994992783 0.03755561641819807 0.3768916761487216 0.006088455178590475 0.03871644636420698
 0.004721667609787995 0.1951387492059755 0.01837964476176912 0.004908765259044373 0.1058622845621509 0.01587754178193861 0.03432819199197568 0.006076265969484417 0.02308020256964573 0.5339576300068716 0.004538068780552652 0.05313098750080342
 0.003231207601989526 0.2439126835574996 0.03882534052176119 0.005751916496950419 0.1093359867584578 0.009632703875832213 0.02303490623077156 0.01142381510428214 0.03010268266536772 0.4287173284332719 0.003271822223799482 0.09275960653001643
 0.004899249033000249 0.1870942741899882 0.05915324371483489 0.004798315047834617 0.2984610095109196 0.03241713038661235 0.0331325134968628 0.006062125462222683 0.01305170454832675 0.3387598663113072 0.002126620327939935 0.02004394797015071
 0.002772670387252336 0.272060600072302 0.0425296033096729 0.00754793633897403 0.2703207589378713 0.01457699600234093 0.0178016916100326 0.007710738924450539 0.01072565754748187 0.3326418886431509 0.003418074998366021 0.01789338322810451
 0.00272418744565549 0.5348607016910762 0.01221649058045028 0.0458799001367045 0.05129548250744435 0.01482725663858436 0.01086179459564579 0.006085114175796455 0.02811259086506131 0.2182788957218532 0.006069265540788812 0.06878832010093916
 0.006763175324531812 0.1877459974727044 0.02660253636719212 0.006235767964087618 0.1365356256096244 0.008051485674308329 0.02011864979232262 0.01392827832250651 0.01318910510603222 0.5172285814569687 0.004500053619000155 0.05910074329072109
 0.001997155962121313 0.3925163339003742 0.008307552994236496 0.02116705131176638 0.03267444857976508 0.00775313571515087 0.006743131992330499 0.005450008396674973 0.01014928743883275 0.4678014034561655 0.004178146030433139 0.04126234422214889
 0.001476616357945859 0.1519966332187599 0.02148951480775993 0.0082728159960076 0.1642554217336251 0.01338942054403745 0.01344416606953598 0.002307114733242898 0.0100452147986444 0.5952395864144029 0.00461171706369756 0.01347177826234036
 0.002730156720752886 0.3065403421789843 0.02793963504835879 0.01021499036270426 0.17450708662423 0.01425860826379764 0.02438641007789857 0.02317619229894302 0.03508066323606858 0.3283835366653808 0.002774270949153605 0.0500081075737277
 0.00261745255324247 0.1610869029337774 0.0200483296255061 0.005280816102251814 0.1747774771002772 0.007705561925409426 0.01679223249059497 0.003729303578510821 0.01314828477791296 0.5265844454969725 0.003822990544032406 0.06440620287151196
 0.001841035851629473 0.1797112804681457 0.0610005334709265 0.0139576640426446 0.1619478305708762 0.01152654841840088 0.0242752868070225 0.009897534652575365 0.05302617018394221 0.3905006088748593 0.0040861647637387 0.08822934189523859
 0.002508018912015555 0.1231190928967641 0.09922203844892707 0.006842383734627611 0.2966069120601525 0.004792221473799624 0.03653724957728453 0.006365088459838349 0.04081317599713996 0.2458034438753973 0.0044383829581312 0.1329519916059222
 0.0008105746388539738 0.1090350228408282 0.008571115003091913 0.004097459419918751 0.1768428616331818 0.009579135073063507 0.03720062488514467 0.005707832779755235 0.01136864638776857 0.6167280796160104 0.003055151551717514 0.01700349617066545
 0.001347222261012421 0.268041761315733 0.008037181561124096 0.001443340412432266 0.2858882698319554 0.005248571705071515 0.004199037392423233 0.00696286274952398 0.067720155235979 0.3264173134152399 0.004293284987566888 0.02040099913193835
 0.002425598786280925 0.27359810487665 0.001421992044646559 0.008191640910444159 0.1278738761985789 0.00424792497648713 0.002577008322160004 0.01191153228282067 0.08475381807399913 0.4635443356251257 0.0066174527291493 0.01283671517365765
 0.002504147889606327 0.2829118624231908 0.01219735286200937 0.003842318319633098 0.2457742323071379 0.005177204806203316 0.005234361902081633 0.005821745984997198 0.03219433090139962 0.3691028526896189 0.004024228913838484 0.03121536100028318
 0.0008215264438948419 0.3625065004733003 0.001460680559199279 0.002269589466748999 0.1089404614000263 0.001332536106794837 0.001576742861548428 0.004365082937409713 0.03665567702017162 0.4678562893187481 0.003095743356662634 0.009119170055495004
 0.005071470521714376 0.1252590292430335 0.02819716600518827 0.00769917666905512 0.3396340380002887 0.0182056607765264 0.006090892019726318 0.03041039622983216 0.09717176078554259 0.1693170222126754 0.01483786812401354 0.1581055194124035
 0.00805609189590345 0.2456254092785061 0.006919434622135239 0.01263291982652898 0.1485062595551347 0.007455818165064292 0.01172858221898427 0.0191421611755165 0.07246336997549439 0.4208442141720408 0.008928292290824417 0.03769744682386676
 0.002687167986890774 0.2378839597367002 0.006134927538471262 0.004771702623894865 0.152987207051317 0.004893457013863475 0.007579159858570278 0.006738516370838932 0.09362392645039573 0.454659806599405 0.005090478554253543 0.02294969021539893
 0.002107314300370748 0.1777963057329867 0.002344463067929384 0.003971129025462514 0.08947349098194619 0.00238976008127102 0.00213839539611098 0.009689173313961926 0.0574741080283063 0.5916611013732395 0.006584730383162688 0.05437002831525208
 0.007106236573572501 0.3075946148826746 0.009634633562421861 0.006391012871407754 0.1292223495692537 0.01408326942485833 0.01009389144618688 0.0216327251239321 0.03764970340863275 0.4291981186063857 0.01026969602264809 0.01712374850802573
 0.001647666500896202 0.3876915368999834 0.01376605903059527 0.003248067566869464 0.1408727524789857 0.004936207435763334 0.005413171795347259 0.01024704658610947 0.06784359067840229 0.3176675979379269 0.006522903205033423 0.0401433998840872
 0.001198580966927276 0.3817280039588607 0.005338492408322596 0.003257727614966041 0.1107177176967144 0.01058311666980609 0.002664129480803001 0.01189516218936923 0.1866256134226215 0.2297022595220476 0.006642785547325557 0.04964641052223598
 0.00131751694121406 0.7368483409705195 0.00275927336426161 0.001514957262697963 0.06411012764048674 0.001937960324621733 0.002716386059881385 0.003397873761852783 0.02447832025888965 0.1515194450055823 0.0050480095152946 0.004351788894697658
 0.002308567887406165 0.3662511403772648 0.00400450060392933 0.003527216977779021 0.06823354322877494 0.003947469175022809 0.005772703942787298 0.006473817009849791 0.03424339935675146 0.4747026966202444 0.004396056684992512 0.02613888813519738
 0.006748956032962081 0.1563448729466426 0.01503292990735492 0.00293684960503059 0.08478808465435668 0.006836092898604735 0.004593215164172052 0.009587232401743893 0.111223585608355 0.5272803994385115 0.03579134877245371 0.03883643256981229
 0.002422952026722535 0.6499766144224337 0.001787810853303694 0.00497144168078315 0.07018736134510793 0.01041193228472349 0.006030018195211103 0.007578506189923078 0.05073805504012836 0.1527788658402628 0.005557253189532372 0.03755918893186794
 0.00372867821173151 0.1944835580754664 0.01383294988485335 0.001825500046811306 0.240964386837121 0.00492536849619548 0.01307157385879135 0.00900880159676179 0.08942548450449633 0.3777370622083293 0.01016598533349113 0.04083065094595124
 0.003745991613299826 0.2159229777295705 0.01683649931787971 0.005490628226307889 0.2782865369065876 0.007755192049206845 0.01650922828637649 0.007977308069926024 0.0616629276085982 0.338606611537155 0.02147143415721459 0.02573466449787727
 0.00287433702155123 0.3101551023890601 0.005096311708882693 0.004256155093961313 0.105365300105838 0.005139644589660001 0.006880612987965191 0.009225443025717971 0.04380044914905452 0.4795297343616359 0.00896311595188167 0.01871379361479147
 0.00252287843612862 0.2196110235838423 0.01962103602937099 0.006123835659497937 0.1148826780878113 0.006175296276408755 0.005020910235279274 0.007866407181190561 0.03323779119276781 0.5669093350008964 0.008004900777358232 0.01002390753944802
 0.00988010762271236 0.2114423910630401 0.004795290210465884 0.007831095376918123 0.09740403077751822 0.009510847827743163 0.01114714412107812 0.02324932958313771 0.05377365658253229 0.5293685477284995 0.01327700178483733 0.02832055732151713
 0.004391511709282014 0.1862210939216642 0.008847910303057557 0.004707362561070071 0.1716280421090411 0.009413335630456255 0.01544561901288196 0.01825650840089334 0.09726125754182512 0.3722518565178465 0.0069564397535784 0.1046190625384036
 0.006866791325417579 0.1881538441042653 0.02145868802002007 0.00263991902392281 0.1653200133012881 0.0039956832216736 0.005805639951489976 0.007310876255230373 0.04450914647957359 0.5265785245097102 0.005540783598217127 0.02182009020919119
 0.0009262453037819701 0.5420920238541984 0.002316615469393218 0.000920993875180587 0.08900703867554983 0.002286776817836494 0.001776212397876443 0.003975738416726657 0.07029361445037285 0.2606799831893376 0.004072607304880103 0.02165215024486563
 0.001621663321912785 0.6478592234280518 0.004145038871879765 0.006100016630495433 0.09819981810824498 0.005806397207934185 0.004645207527700544 0.01346869432577801 0.01569693019570866 0.1912856909689275 0.003887875844025989 0.007283443569340351
 0.001067378018295693 0.2498651172404687 0.005859851040646385 0.003350466781892221 0.316525557082427 0.005017962352185156 0.005415121821979263 0.004216365318254911 0.1303911840545059 0.003631817425005837 0.003402517434563446 0.2712566614297757
 0.001668687285904173 0.3767181545122174 0.002865047001095631 0.003584303184936223 0.2351711930440577 0.00735279392554957 0.006016088873270723 0.002150168277332559 0.01825590166006727 0.3164952805826627 0.004097916082024709 0.02562446557088124
 0.001463482452322365 0.3184364693256151 0.01563806819005511 0.002584841184518215 0.2220684179481117 0.006846058772809599 0.002917423077765494 0.006856451157878575 0.03378973958991049 0.3255270616634113 0.002982944746114316 0.06088904189148761
 0.001860668967203394 0.4488921730821946 0.0119832255055017 0.003131917917202075 0.1482019255049762 0.006846790743204887 0.009226003992718718 0.005854329708208946 0.009972254218434035 0.3329614174536848 0.003485564666820907 0.01758372823984988
 0.002776630566737371 0.4571479567936212 0.01742644522802834 0.003515148935687336 0.1319143021808661 0.0102488200300102 0.00995270354351787 0.005123571405648517 0.03171388129495332 0.2631930345304355 0.005008098810467222 0.06197940668002708
 0.008248255418281544 0.315739674025127 0.01641603204992861 0.02043710575653902 0.2125711530926699 0.02478421771354147 0.02413721421145447 0.02293199260762637 0.03850005498610943 0.2390905653715182 0.01490639689044731 0.06223733787675674
 0.002756729379953558 0.2992456179432645 0.008923291741123768 0.003137930209046398 0.3398020264869325 0.009088415201525531 0.008927350174694433 0.004437840224363722 0.008629899324413957 0.2332001575109428 0.002671915913607797 0.07917882589013088
 0.002072244378730393 0.5634735199267629 0.004111543668068039 0.002523234003712161 0.1267186329630864 0.01085666669256942 0.003224903156153952 0.002802645302174619 0.01075991334224685 0.2557468747602002 0.002383228273873958 0.01532659353242103
 0.003007144645218108 0.4950264653908391 0.01081674824975733 0.008174756423905893 0.1560326851768103 0.009545341349697542 0.01186098880261137 0.01085122327417312 0.01468524850965039 0.2525904046569551 0.00410853509163993 0.02330045842874176
 0.001653613583766457 0.3847367890230324 0.007513891409929589 0.003091167996719622 0.1844062426067556 0.007037025907629832 0.01633171932904284 0.004355455984504121 0.01762862323137525 0.3509791765860946 0.006103218761926049 0.01616307557922369
 0.009097899108849028 0.3444757961054409 0.01170350672366292 0.006944342721592303 0.2288599460095963 0.01360547547436343 0.01356663381266609 0.008904034104978737 0.01895626360184369 0.2885349977718261 0.005678570203148526 0.04967253436203208
 0.002031471354994639 0.4789110361645627 0.002681547646575984 0.002388688272403139 0.2182119908545321 0.0127592776522061 0.009596641397932501 0.003124299177018312 0.007817613842713051 0.2313848163641635 0.003013495568093543 0.02807912170480443
 0.001094473470982368 0.4762009326135535 0.002977873112101447 0.003268385328463029 0.1257325072129798 0.004670084091111129 0.003269314616011002 0.00440412846702535 0.004282838579574117 0.3634924802274692 0.003919351061322835 0.006687631219406063
 0.001685295709627997 0.4595886913338905 0.005841246607018175 0.005301712462760975 0.09320135457027973 0.006820111660178168 0.007808960700721707 0.005911188236778562 0.008507301051502127 0.3816731961183679 0.005600547305068895 0.01806039424380521
 0.0007547763327029346 0.1656177053106247 0.003721602461918094 0.005018093437442243 0.1974730204610426 0.01149353797884703 0.005054712236627364 0.008208643473333081 0.009228617271425146 0.5599559152753429 0.004746626014743548 0.02872674974595026
 0.006400980106698225 0.4585507663125503 0.00560801704640225 0.002703225499814973 0.1487978254362863 0.01592235857236076 0.01208539210266335 0.007632739063357701 0.02092363570915411 0.2882490003261705 0.005725076369791871 0.02740098345474957
 0.002090395475860857 0.3927753528622248 0.003780809960454293 0.003602915387232323 0.1737513801507881 0.008634683315880715 0.0050370907917594 0.004237127606651648 0.04101212763917169 0.3368872575388971 0.003150653025546612 0.02504020624553243
 0.00528886113580285 0.6257113135851694 0.003522492363593068 0.00449693068285122 0.05894026903392831 0.008507292003196764 0.002115681021790031 0.004520916234065658 0.02598619911637963 0.2266481119068036 0.008685855456329539 0.02557607746009005
 0.002397567396179852 0.4634653233307695 0.003030153451302843 0.002683662565066882 0.178381609979639 0.009270445834822619 0.006001132027073062 0.003128344590722235 0.02327807043998886 0.2856390732351143 0.003649085649071462 0.01907553150024947
 0.008987981999973386 0.3230604085606252 0.01732962211458017 0.009268336763013429 0.1214900747916107 0.01267650954601854 0.02725879508107805 0.01802964372103522 0.03121585931081009 0.3675511110457267 0.008551859517315666 0.05457979754821302
 0.00820637482583454 0.319620473118858 0.0166450896611351 0.01272597934624766 0.1587088579784225 0.02238871433713602 0.01145978511596033 0.0101770826050856 0.02837453764570365 0.3551455438621116 0.008925369851419871 0.04762219165208508
 0.003038951131533208 0.4899797569888768 0.005479014966920067 0.006116303476193565 0.1068685845973403 0.0086774692555774 0.009784455952918639 0.007222574163053597 0.01710675178236458 0.297352221230514 0.00673802022881423 0.04163589622589365
 0.00382816779191577 0.3970911749637435 0.01147905740675755 0.01004029368487732 0.1342150832795544 0.01945335515685947 0.02427635657779172 0.008477634036338102 0.02124267823676085 0.3335592383298978 0.009030315135441794 0.02730664540006161
 0.000833308523407273 0.4088376191459804 0.002386788801420789 0.001922401781252722 0.1518811870091241 0.007050026209341993 0.00859013661857716 0.003545152231044218 0.005135275842192213 0.3972137849312491 0.003161596198944606 0.009442722707465307
 0.001321587441672975 0.2538455569626079 0.003570696655198441 0.002244487674795456 0.1776894356818102 0.003770850470685289 0.01199488159501133 0.003835220762792913 0.01241417025871975 0.5031888555204543 0.003377436250524704 0.02274682072572674
 0.007159052146346291 0.3406396143251824 0.00528236360293437 0.000849352285256008 0.2135830155615364 0.01982356177807922 0.006458074378082558 0.009938431454089151 0.01124453561609423 0.3592430434025612 0.006063176447172185 0.01971577900266599
 0.004011820666709582 0.2084854137374552 0.005875688865597929 0.009946540250865905 0.414665387794694 0.01305995654834028 0.01072670620795938 0.004395269481032083 0.04431925010682402 0.2492848182475567 0.003794696834401589 0.03143445125856324
 0.003554649434765407 0.2383002161808906 0.007932380837969141 0.004329008725156338 0.2450962610499224 0.01798724682075787 0.01846136558004664 0.004687392841579053 0.08512879865510857 0.2937518529108431 0.008284878974058186 0.07248594798890252
 0.004371955285668384 0.3100030886187918 0.005084444916174555 0.0067176811689231 0.2666112953680617 0.009353389842046266 0.006677430918203036 0.002755107669000936 0.01085904667440385 0.3442197542654152 0.005418230486541983 0.02792857478676927
 0.005654632483445775 0.1380583631252408 0.00701364481282176 0.004326270799941977 0.3328160061768966 0.031282269480697 0.01124086400743487 0.00348056312824161 0.03052893222415255 0.3552869590211586 0.004477497136756567 0.07583399760321211
 0.008046569826384443 0.2820409041825237 0.005474544021000219 0.01040553871074636 0.1931276408813067 0.01687670105914101 0.00965839528225478 0.007479591255224585 0.08558226886406822 0.3427985386031278 0.004756468753491408 0.03375283856073064
 0.01026243452473245 0.2362509148766906 0.0146969084612216 0.02108663202816297 0.2442638309397473 0.03217795741242225 0.01682448275320265 0.01124001402507364 0.04232441851292815 0.2989585096700155 0.01074206299229695 0.06117183380350599
 0.007401036932132585 0.2804214125751792 0.01803379622645329 0.009100006013134047 0.2404934009183827 0.03331398244394071 0.01656161797362072 0.01529891465734526 0.1174967517130635 0.1641236589186498 0.005425921755050754 0.09232949987304748
 0.005930911642854047 0.2331269901681547 0.003039370716325889 0.01632891238875923 0.1820166601327116 0.01715775721784685 0.003072005794942568 0.009464839320243038 0.03550393643821056 0.4582938459677691 0.004705206724515154 0.03135956348766744
 0.002647229065941661 0.1758102981109154 0.005191455130333931 0.005829263963597463 0.2874207243235449 0.02821515789100173 0.01176867150975818 0.004339777526674387 0.04395521394677417 0.3791467230880847 0.00541919085758262 0.05025629458579093
 0.0283621427214658 0.2463764666751397 0.02492142064310661 0.01297900586471933 0.2096292136240561 0.04518428110120545 0.02860828333702017 0.01081172833661202 0.05945824811299284 0.2845343041691616 0.01482496305057152 0.03430994236394874
 0.005907636766158301 0.3161982280377594 0.009070690904966861 0.01327468345747128 0.1594660937755399 0.01171682849873705 0.01561276100779075 0.01107702628008052 0.01964230284732022 0.3891270759316922 0.01361748058301847 0.03528919190946501
 0.002070845437762441 0.1570135583672505 0.003404214009565754 0.004376939760214832 0.3255613043849506 0.01587892481255354 0.01811521314535093 0.007393964615062822 0.04495110476846205 0.3614014922738968 0.002959898268687447 0.05687254015624247
 0.002571060160305606 0.3311902231245641 0.005377388243405455 0.008031188622327351 0.1574462445787352 0.02202212522407928 0.009858420309894046 0.004807549101895993 0.05595698730989827 0.3594353682167415 0.006857649921286408 0.0364457951868667
 0.001263959257441348 0.1845813668540682 0.002650257090358937 0.004389859725833424 0.3028984957293394 0.01599605694245596 0.01116240380928183 0.00362157910473604 0.06097049250038404 0.3699204086658547 0.003263072506407822 0.03928204781383857
 0.002006479400704423 0.3281405296260022 0.06622762214834932 0.003958814359510742 0.2430999100720969 0.0216245961717517 0.007500616714438759 0.006614503284886352 0.01601171682720237 0.2865051963866884 0.005307541785565946 0.01300247322280307
 0.005425133132257563 0.4463373287523436 0.03371876639267125 0.009455309098185616 0.3169702117487239 0.04518858039023862 0.01207757550605565 0.005267543112354036 0.03569391853419449 0.05639013903762762 0.003696433494909696 0.02977906080043808
 0.01174260314803697 0.2178585234092714 0.02629106186076727 0.005687182501783936 0.3841985308507846 0.03238317224950847 0.01783972724440533 0.009389064078772456 0.07126219054867328 0.1413762103187433 0.0212332969348446 0.0607384368544082
 0.00486807004964435 0.1867595829146345 0.02268333795016705 0.02498421259165488 0.4535258043337326 0.03205375735498846 0.009876185872543667 0.01099081351834423 0.05085292181990066 0.1390670553514627 0.009505144655876719 0.05483311358705009
 0.006077853043449051 0.2078599593687694 0.008018320653733573 0.007055059286057881 0.2600834999965518 0.03908416695025659 0.01366662408141996 0.004296055834397666 0.08299621822725216 0.3338574015107845 0.006974758436042746 0.03003008261128455
 0.003638464442212794 0.2266392328729585 0.01184666400517748 0.01288914732589817 0.1572834134191923 0.05526692507010693 0.03721347714134812 0.01548924328162601 0.03738458557007068 0.4168357118779822 0.00610801424217116 0.0194051207512557
 0.006069411512059739 0.1774151302284601 0.01525322864823806 0.01611591925315331 0.2761078174665039 0.03757688477935976 0.01098965030264951 0.008001287241173145 0.08573972211159418 0.2981481064353649 0.01507961373850032 0.05350322828294287
 0.007722857531262019 0.34442140389777 0.01210111784508606 0.01681647777165999 0.1376990338168846 0.02343176238086744 0.01848268431969377 0.01723427061124161 0.05565883238324917 0.3238242974267517 0.01093215926567952 0.03167510274985404
 0.002322832889829358 0.4485543745714698 0.002542882006995925 0.01056806251788321 0.1222751363007091 0.01844367454738073 0.007232255907130473 0.007215545211427953 0.06681538718885109 0.2870751880317383 0.004281605855619153 0.02267305497096511
 0.001713621451119647 0.2215664857751337 0.004640721145019598 0.00520921968990658 0.2532324046704533 0.01954118104385461 0.009431803553538247 0.003758917667761315 0.02090323980841245 0.4081594734925196 0.005857866417924474 0.04598506528435661
 0.006171625905024054 0.1987322263453579 0.008193352976664492 0.01831062177278662 0.2012849594758493 0.03836665812444036 0.01059177000639668 0.008540375056048563 0.05524046674700021 0.4206244836108146 0.01195040728764218 0.02199305269197502
 0.09417626792640751 0.03756131969399407 0.01315062945495053 0.005108184325557216 0.3465908992711004 0.01004154748562362 0.04202084742320888 0.007405321171648349 0.02028387180648582 0.4098432564131048 0.002502493155071661 0.01131536187284701
 0.1279526272757278 0.06363557818844476 0.0238975970346856 0.009121372852943271 0.3928033823483185 0.006013855932219136 0.009971884673692781 0.02990618713572735 0.02368103521135225 0.3036630083545939 0.004588945343551077 0.004764525648743668
 0.1206832816885185 0.007860118297602577 0.02208863714317594 0.01052324054118212 0.4641296353734603 0.03340988040066554 0.05358636043033682 0.02509538874749725 0.03024257941578368 0.2045270809604964 0.01030141221873542 0.01755238478254538
 0.09809627545654895 0.02899572894047498 0.01803261693409802 0.009826987748943533 0.4001186617076475 0.02092986028625942 0.01859150198391807 0.01867126057008781 0.02520949756692319 0.3485670939599999 0.003715100754381323 0.009245414090717448
 0.09960873647051852 0.01263267144727525 0.01413181061982312 0.002240804474406781 0.2821446946037576 0.00783262755550399 0.01399347170554555 0.09953710698819906 0.007652294417080847 0.4462451981329832 0.002931262535530323 0.01104932104937581
 0.1629932926813563 0.02341326462147244 0.01358995825720939 0.005033059599152891 0.4190386893391102 0.008920151482170473 0.03097098514623188 0.01812642466579844 0.05342934245671993 0.2431693482813671 0.00321857425586753 0.01809690921354342
 0.03973736610440533 0.08565120837709075 0.0162234067459603 0.0107809782707321 0.3284163047596603 0.008955950004325711 0.01765973346096976 0.01588843435096076 0.01256724438700486 0.4564548284027724 0.002584165394009885 0.005080379742107921
 0.06533698269038252 0.07328319503570858 0.02236424815128972 0.01872277987353845 0.478092887255998 0.02084037273682351 0.02851263298320641 0.01009310690252249 0.01275887378298046 0.250570842737895 0.006164270778915669 0.01325980707073934
 0.07779112716692924 0.02927536775661391 0.01720462654716333 0.01110057294188868 0.396594197204085 0.03133845231459317 0.0496440095508922 0.02626751415345327 0.01478263718843561 0.330732724516621 0.003869657279184549 0.01139911338014003
 0.08172247399739591 0.03924528848673427 0.01571195118258228 0.01139131698666096 0.5057590324562021 0.02749775243006413 0.04897400047220452 0.01703398851977754 0.01936274785748864 0.2112153944613168 0.008039821425576944 0.01404623172399596
 0.07495468715625335 0.01565904916976059 0.01447516974068652 0.006952884318262584 0.2978942584085894 0.03190901166966999 0.06273947032826553 0.03806818934365794 0.02048711261761058 0.4088766450962223 0.008733675471557652 0.01924984667946342
 0.05175667821736405 0.01494893226864225 0.007990201563195029 0.006233298327083242 0.3438430990013067 0.01593660923729743 0.04350035143860057 0.03812404267661678 0.02339623759541229 0.4258635490332524 0.01478927080777299 0.01361772983345617
 0.045935071008035 0.005578216314641592 0.006862971810546238 0.005242066330222312 0.3381754764305606 0.007516389661993835 0.03676496379982921 0.01923578195864665 0.02659906194397612 0.4925968585206351 0.005770155101088558 0.009722987119824727
 0.05955828614327136 0.03027051586916027 0.01775462075592432 0.01444604766678725 0.2910772122334563 0.04155482432450968 0.1015021976414147 0.02010163580787186 0.05105349980216192 0.3588130294614875 0.004405460931918251 0.009462669362036573
 0.175332442034768 0.1455335578138599 0.008094184884655849 0.01156420409341095 0.04049955529069135 0.003052881809990356 0.02355489519722709 0.04880216840347654 0.04886990245743715 0.4474833030500792 0.008031945940547921 0.0391809590238557
 0.07529227681151825 0.0669232316089123 0.0121563727161617 0.009272904612179575 0.3064914353465898 0.01070962483164519 0.03021298024927437 0.01426024461198301 0.02321810367399425 0.4388647523351685 0.004039231134386942 0.008558842068186221
 0.04051166728469449 0.1615335928855485 0.02532362737445928 0.00665467028162319 0.2589232086388638 0.008329241945711453 0.03991342817643725 0.01587818694837656 0.009819313331328969 0.4211038941109134 0.002825369731328863 0.009183799290714237
 0.06554424806905683 0.01121582701313303 0.008731667634515806 0.007073094138692997 0.2584894139405343 0.02613521029802236 0.1045427260894159 0.0210754141783277 0.03837993504246263 0.4486999555762058 0.003341776489681266 0.006770731529951311
 0.1229064286615197 0.03706798902733371 0.02625427451398678 0.01030323319831558 0.4719240632959058 0.00644046276086037 0.02277428917165197 0.03444329720279008 0.06325823263427272 0.1886302543945922 0.00534423809672889 0.01065323704204242
 0.06285334520886471 0.01187019562115397 0.005456053535731115 0.003516024948294796 0.4352735387620711 0.01167610859893469 0.03405882039896088 0.04048537815898409 0.01792671960223041 0.3587982231194953 0.008585700914863553 0.009499891130415395
 0.07491212308276331 0.009888752307842745 0.007163626111293385 0.005780099695273904 0.3456698830738344 0.03602110724192428 0.1096381146663905 0.05563313602202027 0.01439832882884415 0.3201768424393903 0.008324012831489001 0.01239397369893355
 0.05239752467014677 0.0424038956310654 0.08301601341071643 0.006107369207535079 0.3203686987048454 0.01044863945908142 0.02907805710021414 0.01199311759146771 0.02699913185328309 0.3740436202640812 0.009195492539740991 0.0339484395678223
 0.08907030349742541 0.01375286649257659 0.01325339698801653 0.007952027887984688 0.5668200535437922 0.03444432954862911 0.05175360347770893 0.02319673782217652 0.04580057173514956 0.1320381399947478 0.009278107733894467 0.01263986127789829
 0.07253914476773765 0.365674381949486 0.009031588125252558 0.03038222313428184 0.07133402796226551 0.005136582257377356 0.01316480617119971 0.04110288953394296 0.04393259010414104 0.3041795944531818 0.007918504173345756 0.03560366736778755
 0.2137859665899701 0.07851354445012189 0.0338783582650221 0.006032124384876547 0.08801619578080011 0.0027617555010063 0.007726105048027268 0.03928702899066706 0.01668351893712062 0.4996864498298876 0.002848256733527572 0.01078069548897282
 0.06961555683310107 0.08054143686837974 0.02604343481996643 0.01476514841121305 0.1971096610642238 0.01130570007499703 0.03688004757174759 0.01566283096921969 0.01121764348594568 0.4973141573611156 0.00427440183618637 0.03526998070390389
 0.1346097775791736 0.01254892676139719 0.01851897515035986 0.004130105364480661 0.2248880994342161 0.004237764101031267 0.008030257896934812 0.05408426360159576 0.04379573105876453 0.441588836404636 0.0232381286978301 0.03032913394958005
 0.04831975288724268 0.01137941516387711 0.001705528630782068 0.001601783552571294 0.1554744241430503 0.001876967694284208 0.003409856600667155 0.01439823974938105 0.03950422949255444 0.708354493214178 0.00697556064857381 0.00699974822283803
 0.000348437798298687 0.01352706427597603 0.0007796010886401756 0.001606339792766581 0.2240154577779545 0.002740684610778592 0.004209847436075724 0.01905822564862337 0.05556103013211289 0.665261015431678 0.00623042897712396 0.006661867029971505
 0.1376188672717758 0.02188212781826841 0.03723489788719591 0.002709196621990459 0.2642584480936003 0.004955567275060986 0.006916952361181293 0.06554729885376252 0.06236693441967223 0.3325367833984019 0.03813764248961359 0.02583528350947653
 0.1625038884329511 0.02208200676833397 0.009897507745340187 0.009753339895482936 0.2077308062183013 0.009089830500257589 0.01642330250967925 0.02193710834477092 0.0608226063735694 0.4203953318005262 0.03629031454600454 0.02307395686478268
 0.1648182471452063 0.02339727780020633 0.0193910677992348 0.01210691247032894 0.1936889174466245 0.009288944944250253 0.0228316841531643 0.03289592838756321 0.04240551001493312 0.4341331798927903 0.02248152547905453 0.02256080446664352
 0.1790521713545201 0.02429721802446091 0.02215802633948739 0.005298724095747799 0.3209010031942894 0.005239683203557476 0.007601941242485844 0.01891152540306897 0.05713435400903956 0.3127045657705787 0.01535886168684829 0.03134192567591532
 0.2238763163463722 0.01773085073627119 0.00796806679427331 0.002953487678309112 0.2167082191206022 0.002874897671200572 0.006465702030547265 0.02080381109217267 0.01804918566974263 0.4420373298887792 0.02721026981358079 0.01332186315814894
 0.15816469498844 0.02866059243023933 0.01506496152938513 0.004391164516413768 0.2271878045525508 0.006974893782015908 0.01465723921300763 0.03252093156763677 0.02840317016062002 0.4301412016903178 0.03453158229914761 0.0193017632702252
 0.1035672656192338 0.008123614730017822 0.003059656542247982 0.001643641199399642 0.2585069365231419 0.002770969986268896 0.006417367538441438 0.03089326676117546 0.0205341760079835 0.540986831548447 0.01411973125574643 0.009376542287896392
 0.07543926801434789 0.002703030988050036 0.004528249327452314 0.002418931800206767 0.1563500364207656 0.002352342767425583 0.004096929783382817 0.04920256888145125 0.02300653906802277 0.6604380667482335 0.007801979834380922 0.01166205636628063
 0.1116081595909417 0.005638542712818612 0.01234848139930958 0.002100926550948239 0.2236203619563221 0.002788912751405321 0.004048646134448079 0.03290626701618518 0.01758794861341293 0.5715110033586905 0.01167207978829074 0.004168670127227044
 0.04850214900300386 0.03432610843175778 0.04174700734206082 0.0104086115885976 0.2398339656016983 0.007471836274058507 0.06615427492365222 0.06160899367446747 0.09872697170247426 0.2054056707445429 0.03932501647244 0.1464893942412463
 0.138299192903622 0.01409469663280191 0.005969928320839426 0.004540173482115937 0.1617817223680906 0.006211724379398293 0.01529690632105496 0.03686775940693307 0.0398707693792197 0.5434134930237821 0.02482518574012701 0.008828448042015075
 0.002904793052052844 0.03083667117678937 0.003857373000117247 0.004714228031004171 0.3958123350476116 0.007820660296678304 0.02203892722009886 0.03107590935991993 0.06079979402531875 0.4051682032780234 0.02035925501577786 0.01461185049660766
 0.006677954860275281 0.006452238194100329 0.000940872219819722 0.003134120324962499 0.1735352266692976 0.003144895258426731 0.004120318892272805 0.0274535236029625 0.06635560387255249 0.6933214936664173 0.009533907001496976 0.00532984543741571
 0.02149683514857269 0.02759147413117647 0.002750485164289801 0.01726781177988863 0.1308175479017082 0.003668726297167193 0.01476258680649582 0.03365528652599066 0.03411099083530533 0.6682390976151912 0.03618530775972959 0.00945385003448451
 0.1626753819289193 0.02630753311448699 0.0191313670934416 0.01796915355546379 0.08270412556888594 0.003686342281251218 0.008714638754277101 0.02951126284364365 0.01640094171052861 0.5473380640080214 0.04601389026881182 0.03954729887226858
 0.1049163853861349 0.01304169874156468 0.1215044046677095 0.005582989392417462 0.2800600207912033 0.00517140238961923 0.0112544737298188 0.0372364505577522 0.06489087437579875 0.2982951655759385 0.02600872762979247 0.03203740676225014
 0.05078586296208385 0.03629498494736262 0.03146270991168876 0.01242650403315337 0.08122173155570302 0.003946734371526786 0.009799126853742311 0.05322417810421035 0.02844086404969566 0.6438759122396094 0.02607377611514743 0.02244761485607653
 0.1820593153140815 0.01931252948631547 0.007798739598115216 0.004298870473468492 0.1873125643871427 0.005804710910131952 0.006451762948505075 0.02736442709081624 0.03191838673755492 0.4955402749161547 0.01427724965664991 0.01786116848106379
 0.08171559306870108 0.02155161851182348 0.01216833637690028 0.008683027738980373 0.05286710425215867 0.002584428934036979 0.003647922841894641 0.07708175429003065 0.06323322188664421 0.6440516555228756 0.01900172561942517 0.01341361095652901
 0.0419694678468762 0.005445652189823378 0.004122560719031999 0.002557670829943904 0.1741002211871046 0.003649284216888767 0.02389283581809015 0.03668572068749415 0.03994779431756451 0.632200017756662 0.02810894444988395 0.007319829980636164
 0.03999081527138031 0.00768437548471252 0.0794511889349987 0.007567254439318948 0.5261326791346224 0.01405391601388659 0.01652166216065247 0.02367401160354737 0.05698229294596406 0.1716906108244903 0.02449113281297462 0.03176006037345192
 0.03010920374125039 0.02574971538385708 0.009235760617942991 0.003513817482907361 0.1371011659362615 0.002107816645102461 0.009338136934254219 0.01898400091302184 0.038021306199308 0.6962151877059796 0.01590973592426752 0.01371415251584723
 0.1768051628128884 0.008812440663541046 0.02147293200759044 0.001879143653388952 0.1554912359485516 0.002853220024727536 0.004683174881548821 0.02160324312368374 0.02198200098174951 0.5515269598791438 0.0223857209795956 0.0105047650435907
 0.1416079532279283 0.02204404059640221 0.009137480177192608 0.003718797620761814 0.2264159417702979 0.004843990459747595 0.01002653930073861 0.04309895724070949 0.0321799606188699 0.4681333683589747 0.01937931043832247 0.01941366019005421
 0.1507780327132476 0.02799611468999167 0.006684400147325477 0.001716477028233421 0.1281057631030721 0.003333701061592967 0.006984489098463646 0.04119957337126312 0.0272811969361546 0.5660322606215319 0.02300555050981058 0.01688244071931274
 0.05192451857667112 0.00884293636335237 0.003045205862776155 0.01798896286557105 0.09783770218560643 0.006223091070457237 0.01347724432293864 0.03600741806927467 0.04338686701577495 0.6275135027027803 0.01266320272729028 0.08108934823750678
 0.0553663390376176 0.01313850395439409 0.02845624317913414 0.002032963871461597 0.1327086681130639 0.005803884804147518 0.008834262755711982 0.04963744891646608 0.04428033757342185 0.6185149222989058 0.01340123246501267 0.02782519303066275
 0.1391265152831226 0.009083677403256999 0.007508128558675606 0.004096794842816789 0.4865033465593465 0.008199714096350546 0.007971205187176957 0.01337539557363524 0.00688494764167152 0.2731433854444034 0.006017702742321576 0.03808918666722232
 0.099750253406754 0.008996107598385313 0.006695436080801036 0.005530725472072668 0.3371110566944773 0.007731773958885441 0.006861408505078099 0.01568961790639219 0.005184721930388425 0.4688961033869313 0.006411321583301675 0.03114147347653242
 0.06655053852956294 0.03093451266727899 0.006215103631520096 0.005967609449822741 0.4723418274935905 0.03142156387346937 0.01520504329666583 0.007677395354447559 0.005309735124734097 0.3288229207020817 0.007760639097733238 0.02179311077909264
 0.1004272166341921 0.02374003201754792 0.0205401463845635 0.00871521137737343 0.350544608845992 0.01219463478430722 0.02372795302834249 0.0152372953959544 0.007275356327649291 0.4083783999377223 0.007619167099398963 0.02159997816695644
 0.04271399062872645 0.04292370780461117 0.01811555211150333 0.03468047704516098 0.3947373991936487 0.02689269399744888 0.02283471870991913 0.02237015347085517 0.01545866033645257 0.3057774551927831 0.01596170523689497 0.05753348627199564
 0.09706272080385638 0.06391832044212767 0.02756386810668851 0.01230105503417451 0.3787609982708169 0.02724980563353196 0.03434636452088829 0.02859679215198184 0.01554792965295351 0.2786630265036991 0.007305558882766984 0.02868355999651439
 0.1079531722321925 0.01462479876266985 0.008118319746986393 0.004094909428446022 0.3951882346082631 0.008608224119727668 0.011646732085142 0.01973813876709873 0.01129893021533787 0.3544570749436747 0.003725534149058592 0.06054593094140247
 0.1122788381452154 0.002681720989296508 0.01956345965276517 0.003803669865361999 0.3069279668399152 0.007783114632054951 0.007934289573344409 0.02474725686696875 0.01357436601314132 0.4640177163301414 0.008328305561054225 0.02835929553074057
 0.1384525514208234 0.01899371341119457 0.002231724549116981 0.003390260641298999 0.3387932599094942 0.009112858460887581 0.007092204235592825 0.006429869384906206 0.00329014991254275 0.4539873099077821 0.008805029763227059 0.009421068403133535
